10.5334
8.73293
9.66374
11.5135
7.70678
10.5831
9.78767
9.08991
11.0407
10.3825
10.0244
11.0999
11.2827
10.1751
10.9088
11.5561
9.30139
8.83003
10.0044
14.5341
12.0703
9.52913
11.2411
9.46697
8.97261
9.33683
12.9137
9.49474
10.7977
9.83539
12.9342
10.0172
11.1285
11.4341
8.85079
10.8849
8.75336
8.41263
10.1688
9.02127
9.43006
9.70446
7.63758
10.7261
8.77912
9.83614
9.52432
10.9225
8.84714
9.97942
8.24966
8.55063
9.47186
9.55384
9.6568
10.5295
8.20446
9.1972
9.47153
14.5941
11.0066
10.4472
12.3207
7.57182
13.2835
9.64672
11.5831
9.72938
9.4581
10.6416
10.6678
8.63102
13.3518
8.99127
7.82632
9.39148
8.56199
8.41368
8.63683
10.1973
8.21974
8.32595
8.76928
8.84956
9.24197
9.74151
11.1334
10.3804
11.5733
8.63479
11.4359
9.93479
8.84779
8.11113
12.3412
11.454
8.3774
10.2743
9.49164
13.5645
9.11897
10.8542
9.58489
10.6673
8.81409
9.14154
10.0042
9.19133
9.66975
10.3227
10.1151
8.70269
7.26235
9.4687
12.0532
9.09063
9.07578
9.14417
14.2002
8.40973
9.73096
10.1429
10.5518
8.2444
8.72384
9.75286
9.88413
10.0174
9.5227
11.1523
8.21365
9.67741
9.60045
7.88396
11.782
9.13983
10.0486
8.24831
9.63883
8.24504
8.74884
11.3775
10.1314
9.73507
9.41408
10.4852
9.67762
11.1986
11.574
10.1757
9.49213
9.21579
9.00252
15.2299
8.16852
12.6724
11.0848
8.69688
8.60209
9.2561
10.973
8.86074
9.48883
8.26078
9.24011
10.756
8.90157
8.99193
9.27611
10.6814
9.22154
10.7941
9.02606
8.08721
10.3143
10.954
8.73501
8.64928
8.54959
9.46299
9.01331
11.267
9.36616
10.0498
8.10334
11.2252
10.0098
8.8194
9.39959
8.93039
8.89258
7.80211
12.6371
13.5957
8.76185
10.2319
9.47796
8.65508
10.3101
8.06597
10.4101
8.71365
9.76982
8.31433
11.1931
9.87063
10.0821
11.4962
8.74136
8.61632
9.03683
13.2335
10.5248
11.8511
9.40063
9.50809
9.09369
8.37347
10.9111
7.57726
9.82289
10.433
8.98124
11.7715
9.07189
8.78511
12.2159
13.7174
9.44408
10.9595
10.1834
10.8551
8.73432
8.05384
10.0343
7.84377
11.6447
9.83277
9.93039
11.2859
9.66878
10.6124
9.37677
11.1249
9.20893
12.5716
10.1138
8.66792
9.60571
12.0787
8.33057
13.9084
8.33466
10.1102
10.2405
8.5953
11.7077
12.4333
10.4642
10.2722
8.71074
9.81461
9.76283
9.08518
10.8918
8.64467
8.34377
13.0975
10.4338
9.29212
8.62841
9.2796
8.4418
9.23791
9.25482
9.31738
8.85176
11.0605
10.9021
8.86514
10.3901
11.4108
10.8631
9.70786
10.3727
10.5034
9.02846
7.51474
8.34581
8.78814
7.9709
13.4781
9.38747
9.81297
7.35376
8.46526
8.51954
9.27769
9.26423
10.587
9.63076
9.14099
9.84173
11.3257
10.6208
10.7064
10.3717
9.89307
11.1719
7.88165
10.4887
8.20394
10.7155
11.9709
12.2973
8.78021
10.1065
7.64177
9.62236
9.14905
8.71988
11.427
9.70921
10.6485
11.4754
12.3298
8.92245
10.9547
12.3552
12.452
11.9201
10.4721
8.89137
12.0093
9.86169
10.0127
10.0605
12.4936
10.0514
8.23852
9.5187
10.0397
9.59835
9.24548
11.9903
8.5972
12.2139
7.09922
9.66413
8.43003
11.9919
14.9435
10.2837
9.22626
11.6783
8.76095
11.9814
8.08345
7.65203
8.41013
8.88185
10.0849
8.88176
9.21507
9.58995
10.5372
8.81564
8.9463
8.17612
10.4403
10.6201
11.0267
13.7468
7.84624
13.1935
10.0944
14.2751
9.03662
8.93239
7.90993
7.60308
8.7608
12.567
9.9877
10.2421
11.6945
9.2464
9.9701
9.95317
7.92501
10.1879
11.4367
9.05705
13.057
9.15026
8.90841
9.56206
8.01649
8.29557
10.5231
10.3602
9.34443
8.80685
8.13231
7.93333
9.63198
10.3941
10.6503
10.5026
9.34699
10.8252
8.3796
9.66808
8.73449
9.63308
12.6177
8.72357
12.2663
10.3053
9.26951
8.87491
12.5802
10.2426
8.35116
10.0666
11.6238
9.6716
10.6534
10.0013
11.2829
13.9453
8.88099
11.7923
13.7456
7.27973
7.9198
9.35092
9.87077
8.14069
14.0761
13.9652
9.44282
9.24278
8.85168
12.9252
8.3103
9.07408
11.7977
9.89422
8.95489
7.92824
9.52196
12.4819
8.6933
9.16515
10.848
8.45174
8.57517
10.8682
10.438
10.5818
9.64408
11.6565
12.985
11.5774
11.2773
10.6135
11.9619
10.9841
8.48784
9.61111
10.2571
9.88684
13.649
9.69258
8.55177
9.47065
7.71251
10.983
8.91172
11.7458
11.6314
10.1328
11.179
8.81776
9.42895
12.272
9.56748
8.58734
10.9967
9.31731
10.4223
10.0649
8.59208
9.91296
8.61633
9.60902
10.3231
8.24941
7.81411
12.149
8.79391
9.30153
9.84708
11.2737
13.0882
12.3566
9.05738
7.95988
8.54067
8.45599
9.28419
11.7846
10.8512
8.24278
11.085
9.88264
8.87385
8.85222
8.59754
9.6002
10.0492
8.881
9.58239
11.8544
8.95122
9.66792
10.5609
12.437
9.67832
9.89669
8.65759
9.25874
11.7046
9.02072
8.54269
9.49466
10.0042
9.89546
9.15555
11.3385
11.4678
8.67861
11.7609
9.9849
11.6876
8.86465
16.2295
10.9646
8.68264
9.05364
8.47351
11.9943
12.7443
11.4588
9.91681
14.1495
11.6978
9.13236
12.5098
11.9464
9.61612
9.29367
12.1218
9.06119
10.1199
7.95936
12.9931
9.48933
9.19783
8.76003
9.37812
7.93778
10.6947
8.12775
10.6151
9.96455
13.4442
10.3167
8.99035
9.26486
13.0481
11.8005
9.22141
8.20185
11.9898
10.8634
9.01123
9.80911
10.9929
12.0416
9.00567
8.73714
12.2678
11.2439
8.79147
10.3052
11.7202
10.9592
10.8535
7.39585
9.91555
11.462
10.7194
12.3347
8.3789
7.67574
8.70362
9.24212
10.3163
8.95679
10.3843
8.52803
7.97468
9.06393
9.23233
11.1226
8.90218
9.18622
9.23146
9.95101
8.80522
11.3785
12.836
9.23797
9.03553
8.15622
8.18123
8.62357
10.8596
14.7747
12.189
8.63808
10.4487
9.34783
11.6687
9.75294
13.404
9.79753
7.91303
9.57945
9.35521
7.50906
8.87265
8.28893
8.9698
9.8443
9.11504
9.09758
8.52853
7.79721
9.14406
13.9823
10.438
11.575
6.89014
9.76267
9.00205
10.7222
9.01576
11.5315
10.3223
9.40183
12.9716
9.90065
9.92558
10.0619
12.1498
8.90612
8.99424
9.32344
11.8326
10.4305
7.94982
10.8784
9.12216
12.4226
10.2623
8.12324
10.8174
10.9442
9.24229
9.53755
9.30757
14.3072
10.2794
11.6971
9.55247
11.1313
8.69998
12.1817
10.7885
9.11039
8.12339
8.56131
8.30799
9.18188
9.63957
9.70113
8.91591
9.66115
9.00554
9.37273
12.2608
8.7392
8.05935
13.1679
10.5113
8.9456
13.5699
9.59849
10.5589
11.9354
11.6205
13.149
11.2119
9.68539
15.0496
8.51775
8.47439
10.8761
10.6147
9.78953
8.92266
9.18054
10.1889
9.74569
11.5984
9.95742
10.1789
8.60427
13.1751
11.8189
10.7713
8.41857
8.71105
8.52348
11.5937
10.9867
13.7561
13.0379
8.03303
9.41992
8.50278
9.07539
10.077
8.77495
11.2306
9.12306
9.17978
9.56823
12.4253
9.46121
11.7974
9.59471
10.2377
11.0825
10.4327
13.3672
8.91222
11.4559
9.68223
7.98794
9.05
9.74864
9.00826
8.0421
11.1124
9.06497
10.076
9.67477
9.08091
7.79512
10.4325
11.7773
9.15022
9.91896
8.72303
9.55642
9.53165
9.73633
9.39733
9.15118
9.57221
10.7195
9.96091
10.697
10.6449
10.7154
10.709
11.074
8.35544
11.5234
8.53228
7.53986
8.83908
9.14724
12.0876
9.58331
9.63379
10.9018
8.43839
12.5855
8.22021
11.8058
10.6628
11.2957
12.0003
12.4919
10.0489
10.2662
9.18301
10.8493
13.0498
10.4344
11.5527
8.79071
9.2937
11.1335
12.1865
9.88468
10.981
10.6468
12.8601
11.7705
9.63397
9.58684
8.65009
9.88325
9.07323
13.6881
14.059
7.87255
8.75036
10.3801
8.79316
11.1583
9.89525
12.6811
11.4098
13.4991
10.203
10.2942
11.2835
10.2024
9.59686
10.385
13.3833
9.07543
9.60046
9.74315
10.2733
9.25461
9.18734
9.07934
9.15484
8.39432
7.85646
11.2647
8.46266
9.79379
8.41357
9.3776
8.90684
9.4451
10.6694
9.57979
8.43824
10.5054
9.16347
9.79253
9.81322
8.3382
8.89647
9.5329
10.5825
9.24428
11.9329
9.45773
8.77545
8.22787
9.7173
9.11122
8.09681
8.11477
8.31642
12.7059
10.0077
10.3993
13.1197
9.49687
9.77319
8.64405
8.90548
9.04161
10.3334
8.19995
11.8845
8.40822
9.79422
10.4508
11.0287
9.58798
8.34347
9.18688
9.63457
11.775
10.7727
11.4801
7.9756
8.16513
8.27654
8.11527
10.9125
8.68631
8.91526
8.05672
10.3811
11.0094
8.00883
8.72075
12.289
9.37965
10.1249
8.88738
9.92285
8.65993
8.48306
12.1051
9.85963
10.2335
10.1376
9.53612
9.63683
11.8427
8.77652
10.1766
9.60046
8.84542
10.5932
9.61081
12.9038
11.782
7.94325
9.58365
8.68337
9.57185
13.8953
10.8936
10.5007
9.67005
8.75772
10.8827
13.8257
9.98842
12.0467
11.3845
10.0397
9.44645
11.3685
11.1744
9.98165
9.91758
11.4753
11.7448
8.36444
10.1576
8.81807
12.7686
10.2566
9.20087
10.52
8.4707
11.5537
9.406
13.84
9.28215
8.87409
10.5165
9.95351
8.98696
13.8066
9.42283
7.76253
9.3731
11.1812
12.2892
10.3563
11.058
9.78902
9.51374
8.10973
11.6142
9.58735
11.2624
10.2052
9.26967
7.55527
9.33874
7.99756
12.0757
10.0558
11.0805
8.98536
7.91483
11.4957
9.78923
11.5244
10.419
12.5769
10.5554
9.65983
8.94152
9.79315
9.64392
8.98449
9.20757
9.91319
9.16974
9.51203
12.2371
13.5025
9.10366
10.303
8.15286
11.3637
9.16413
11.743
9.03079
8.70728
13.4489
10.9065
10.2789
11.2902
12.3617
9.67444
7.97472
12.7224
9.62486
10.4221
11.2157
9.91823
9.84962
10.526
8.42594
10.3894
11.1234
9.03717
9.09192
11.1056
9.9346
9.5496
13.2545
9.73071
8.24414
10.5501
8.66481
8.99221
7.99117
9.47484
8.66224
10.9968
6.74586
9.1166
8.36338
8.79601
9.41493
10.3306
10.0335
8.36219
9.12046
10.787
8.79295
10.4305
9.18628
8.7175
8.78401
10.3625
10.417
9.2879
10.9183
10.1596
9.54712
9.5094
8.93341
12.7554
10.9163
11.9546
8.48268
9.04542
9.46687
9.51151
12.8173
9.36609
10.1048
8.80697
8.44056
12.2684
15.0833
11.3564
8.71568
8.47656
8.27883
8.18497
12.4333
9.05697
8.09625
10.7324
8.7977
8.81791
10.2829
9.0536
8.30679
9.47387
9.89116
8.97232
8.72725
11.5069
9.01239
8.50131
12.4427
8.3597
10.2034
13.9715
10.124
10.204
10.8802
9.34649
9.62361
9.49456
8.53737
8.96902
12.3316
10.4421
9.22478
13.1619
8.99527
11.6877
10.6248
13.2853
9.83707
9.39024
10.6423
10.0215
9.16601
11.7715
9.23559
13.3621
10.2823
9.11173
10.5083
10.2286
9.64269
8.28522
12.6989
10.0578
7.32843
9.30738
9.49587
10.1469
14.0465
8.42078
9.80677
8.00794
12.1992
9.70303
9.44207
7.62057
8.00652
11.7705
10.6253
10.3299
9.45513
8.5192
11.9131
10.4328
10.3613
11.6271
10.7475
9.99382
10.5578
9.45192
7.22805
9.10656
8.10467
9.25832
8.33516
9.78381
8.89165
10.2687
8.25805
8.51101
9.18788
8.09247
8.68794
8.77279
10.8191
9.13272
10.4296
9.11212
9.55595
8.92254
9.62145
8.76989
11.6525
8.98448
8.97251
10.7031
9.19897
9.68979
10.8667
9.09371
13.7844
9.04823
9.24348
8.92679
9.23781
8.7676
9.34874
13.1047
7.61415
9.19711
8.82085
10.6684
12.3082
8.78029
8.3433
12.8492
9.34771
9.18695
10.6618
7.59748
11.4977
9.06332
9.43853
10.7427
12.2777
8.73681
9.12089
9.85102
9.33859
11.4551
9.34876
9.49441
8.49537
8.59947
10.3574
9.53575
9.65656
9.62945
10.969
8.49265
9.29924
9.97118
9.8543
8.98119
13.1874
9.12393
9.50247
9.13278
7.94018
9.73332
8.7886
9.19734
12.8973
13.9703
8.89504
12.5234
12.6447
8.68024
8.97334
12.7162
9.54441
11.9817
10.3104
12.6114
8.50505
9.0551
8.52119
7.63124
11.6197
8.87224
9.09951
7.56583
10.5394
10.1553
9.98017
9.40026
8.69756
8.51932
13.2953
9.70542
9.68395
8.72836
11.545
12.3494
7.78577
12.0641
8.27926
9.96358
10.1105
9.09572
10.8204
9.13558
11.1166
7.90455
12.1294
8.84151
9.6397
8.69072
12.1007
9.0094
9.50537
10.4622
9.45657
10.4432
8.39126
10.6799
9.63333
11.0314
9.8609
10.9259
12.3015
13.5558
10.332
7.60486
8.81909
9.71741
8.05626
9.86871
8.55486
8.54388
11.349
11.9193
11.6393
12.765
10.8686
9.57167
12.0425
10.3687
9.23416
8.75335
8.95305
8.84212
9.64286
11.6128
7.64902
7.91925
10.5363
10.3284
9.79624
10.3541
9.64661
8.74974
12.2248
8.82208
9.24167
11.9467
11.0968
10.014
10.9874
12.1996
9.43574
10.1463
12.8682
10.6298
9.95999
10.2276
7.99121
8.7085
8.35647
10.2104
13.3599
9.35028
10.6333
10.9751
7.53681
7.02714
11.9556
12.3487
8.98787
8.84883
9.00226
8.23437
10.2533
9.39978
11.0239
8.82337
10.1362
11.9316
12.8522
10.0178
14.1044
9.23429
9.5419
11.4311
8.28533
9.85128
9.39659
9.04675
9.92056
10.4158
12.6974
7.94497
9.09268
7.39913
11.8768
13.767
8.1001
11.1358
10.4548
8.17327
11.3299
14.2197
9.72054
10.133
9.55607
9.89198
10.4767
10.7717
8.94301
12.9483
7.64392
10.0037
10.3162
9.00928
10.4359
8.60966
12.9246
9.04928
9.84537
11.4891
11.2526
8.46462
11.1071
9.29456
10.7238
9.57225
8.18579
9.33426
8.88323
8.4572
11.0409
7.95811
9.18182
7.53903
7.66227
8.83993
12.4525
9.52351
11.7913
9.51583
9.03555
10.5098
9.34833
11.6793
11.6063
9.58222
8.60751
9.43922
13.421
9.85612
12.9832
12.31
10.708
9.66864
13.3281
10.4582
16.5162
10.026
8.57427
7.5138
10.399
8.68887
9.69638
9.59092
11.1526
8.54277
9.10112
9.08402
8.2007
9.68762
12.6587
9.36065
11.6949
8.11054
10.4273
7.72301
11.7461
7.29107
11.5584
10.2993
9.04812
8.87776
9.09289
10.9746
8.48764
8.97508
10.7427
9.30743
8.38122
9.87472
9.73438
12.1329
10.3081
9.82247
10.0239
11.8467
7.79295
9.33566
9.01465
11.7526
11.2659
11.5036
9.40059
11.3967
10.7352
7.92521
9.32534
8.97803
11.3638
9.03809
7.66541
8.45247
9.62303
10.0642
8.98835
9.7607
9.85304
10.2294
12.8301
8.47362
8.92577
13.047
9.88596
9.19589
9.93468
8.65633
12.2688
8.98112
8.60227
10.1612
9.26569
10.2441
12.2762
11.0274
12.0156
8.72822
8.11436
8.4953
10.2123
11.047
10.8933
11.6523
8.62882
10.3633
10.0589
8.58654
9.58709
8.07639
12.8769
8.2609
13.67
10.1284
10.4206
10.132
8.42343
9.73012
12.2027
9.27434
9.87604
11.0183
9.04338
9.31717
8.8014
7.85146
8.90573
9.65873
10.9811
9.7437
7.61927
8.49903
9.11195
8.91414
9.84727
10.0423
8.54573
7.5923
10.0448
7.79256
11.4765
12.3575
8.53865
9.59417
8.45135
10.3575
12.2353
8.545
9.32686
8.96672
10.9123
13.738
11.22
8.44055
8.3359
12.1867
8.96606
10.3427
9.32987
11.6356
10.7114
10.1606
11.8204
10.0109
10.4308
9.70724
8.8944
8.989
8.76346
9.30676
9.02874
8.67338
8.79494
10.2037
9.63708
9.28432
11.0846
7.95767
10.5589
9.25548
9.21556
8.45952
12.3938
12.5053
11.2902
8.96397
11.3484
8.53284
9.92476
7.91033
8.2288
9.19765
8.66011
9.46887
11.7777
9.59195
9.30739
7.3643
9.07835
11.3248
11.6879
8.24646
9.31756
11.7123
8.29313
10.1712
9.33292
7.99333
8.65489
9.07436
11.8001
9.34742
9.36191
10.9299
11.1065
12.8605
8.43195
9.49001
10.2304
8.15066
10.3936
9.47157
11.8262
8.42136
8.64508
15.5018
9.23717
8.75046
9.22432
9.74217
8.29976
9.79987
9.88863
9.43138
8.56121
12.7176
9.33099
9.50659
15.5363
9.47853
11.8414
9.50701
8.61965
11.4947
8.26006
8.76127
11.4786
11.9478
12.7394
10.3369
11
9.53968
9.92193
10.8152
8.83541
11.7725
9.09168
10.6655
8.54205
9.3796
8.14447
8.44706
10.1818
9.8192
8.08489
9.06211
8.53375
10.1796
11.3683
8.36427
11.1664
10.8226
8.41648
8.13681
11.9672
9.99375
7.7777
11.0845
8.92724
8.84537
11.7372
12.6262
10.9419
8.77851
10.7119
9.09958
9.28016
12.4043
10.6347
10.8347
11.6185
10.6411
9.92559
9.93214
12.2927
9.53054
10.2528
8.79589
11.0938
10.721
8.78973
12.1444
9.34172
12.3169
8.879
12.062
8.94249
9.82155
9.28991
10.3567
11.965
8.86314
9.08536
9.85014
9.38849
10.0224
10.6248
10.1208
10.7497
12.123
10.0888
9.72565
11.4479
7.92601
10.4913
12.6584
10.478
9.5493
10.651
8.39554
11.6962
7.77988
12.4718
11.2154
11.1325
9.75626
13.3605
9.94384
11.6343
9.70418
8.19795
9.67639
8.97977
8.74682
11.883
13.0902
10.2619
9.59393
10.9749
10.1947
8.31182
10.9626
8.89277
9.27592
10.7461
10.8769
11.0944
10.068
9.35929
13.9879
9.93293
11.7666
11.8856
9.02255
7.86669
9.79889
10.6221
9.73985
10.2746
11.8942
9.21192
11.4108
8.90741
8.41005
8.2681
11.8367
11.91
8.14586
9.87073
9.8431
12.8498
8.99687
9.72451
12.3132
9.10549
9.1257
8.83959
9.97927
8.3027
11.9374
8.64971
11.1972
8.53472
9.6616
8.33486
10.2889
11.2308
11.0921
10.3895
9.62732
8.17033
8.78673
8.95414
9.79678
9.20196
8.16082
11.7701
7.77181
9.38981
11.0122
10.0768
8.59995
9.53028
9.39836
9.64733
7.26181
9.99193
10.6041
8.30021
11.9903
9.16626
9.01176
9.18173
9.13538
8.89715
8.43111
12.2106
7.25224
9.04098
11.5609
11.6245
9.62793
10.1609
10.9333
10.0187
9.0956
9.31283
12.6883
11.3031
8.16927
11.4395
10.2667
12.5399
11.6606
13.149
8.43171
10.8721
9.30674
8.1678
8.61136
12.1922
8.3324
12.007
11.2364
8.78212
12.5832
9.20417
8.12798
9.95858
9.9364
11.1304
12.0641
7.76493
8.06998
8.60617
9.43155
9.61242
9.33577
10.2739
8.69545
8.32276
8.36519
9.90053
8.11316
14.337
8.73605
12.7818
9.46666
10.2764
10.5796
12.5201
9.49785
8.44578
8.9535
13.8223
7.31126
10.3526
9.16038
9.57675
14.4807
9.95095
8.29156
8.63546
8.50041
8.62415
7.82595
9.5957
10.6687
7.77475
9.34054
13.4691
8.36989
8.8438
8.61268
11.7376
9.89012
11.012
13.3431
12.913
8.79226
10.1003
10.3619
8.61086
9.99264
11.1734
8.63308
8.48966
8.23259
8.75995
9.73033
9.67558
13.0082
9.38704
8.41596
8.25655
10.0371
8.25207
11.9218
9.93582
7.87097
9.78908
8.14055
9.47477
12.3574
9.5
9.70672
9.5759
9.45086
8.79593
10.0806
9.02958
8.97187
10.7952
8.73931
9.67392
12.7447
9.64606
12.5049
9.05229
9.03328
11.3448
12.4114
9.00391
12.3997
13.1675
9.95299
8.73281
8.16505
9.82739
9.48037
8.64318
10.5639
8.92794
7.58559
7.86505
10.0452
12.9446
10.8925
10.2282
11.4669
11.6289
10.0606
7.13841
12.8447
9.96428
9.10712
11.099
8.77752
7.84637
9.18133
11.1877
9.89748
10.7906
14.8615
8.68398
9.6444
10.9047
11.1963
8.80048
8.15559
12.6081
9.96567
11.3867
8.16424
9.78798
9.91538
8.38594
10.3531
9.57647
10.6566
8.89402
11.6916
10.3811
11.6809
9.01345
9.79662
13.4537
11.6585
7.8617
11.5079
9.88905
8.73345
9.36119
9.2914
9.65641
8.41034
12.7496
10.45
9.24657
8.65117
10.1456
7.54418
11.1642
8.83127
10.1248
10.6731
9.41671
9.60656
10.4757
8.31862
9.62758
8.83967
11.1708
7.9674
10.112
9.03908
9.16077
10.588
12.668
11.7258
9.61034
13.2649
11.0639
10.6083
9.16506
12.2863
7.91451
10.3833
7.95328
9.90501
11.8402
11.3948
9.11543
10.0307
7.73482
9.90065
11.2016
10.1992
12.9974
8.69048
13.2223
8.93524
11.1934
8.96953
10.0023
8.54285
12.6818
8.32661
9.53869
8.73562
9.09565
8.25308
8.2405
9.89611
9.79798
12.0784
13.2067
8.87373
10.1555
8.31459
8.997
9.71243
8.6653
10.2693
12.5215
10.9031
9.59087
12.2109
9.70693
7.72992
8.63328
11.2875
8.34035
10.8862
10.5479
8.92994
10.715
10.6953
11.0882
12.0382
11.1955
11.9591
11.9816
10.093
8.21058
9.62616
13.9599
9.16668
8.54643
10.0909
8.92073
10.5336
11.9386
9.37566
10.0017
7.64674
10.4391
9.78325
9.97427
9.19478
9.73779
8.54481
9.64045
15.782
8.14475
9.97118
9.09157
10.2135
10.2716
9.64279
8.1055
14.8977
11.9814
8.82778
10.6788
9.96462
9.46606
10.3529
11.7335
11.0471
14.1128
10.4989
8.55407
9.37678
9.5261
8.59295
8.9025
10.6137
9.09029
10.7868
10.4443
13.3367
9.18718
8.31875
12.9991
9.06356
8.8831
9.89247
10.3058
10.0644
10.4913
11.0327
8.77119
7.51975
9.84858
13.0161
9.40029
9.74244
9.57699
10.102
8.26083
8.90553
8.49523
11.2583
10.3984
9.89852
10.5054
9.54062
9.78699
11.2924
11.0099
9.23025
11.4909
11.6907
10.5079
8.96804
9.74148
12.0944
8.63361
12.2299
8.63514
10.0496
12.2232
8.54095
7.78643
11.3925
9.70475
10.934
11.2646
10.6817
12.8124
8.63272
14.4246
11.124
9.6219
7.74988
11.6374
8.52753
9.23815
11.2115
8.80037
8.94615
9.18168
10.1095
9.20884
9.00467
8.30374
10.2078
8.34494
9.16248
9.43031
7.88374
8.97755
9.476
12.4896
7.77191
11.013
8.54702
12.7555
10.0277
7.95944
10.2507
12.5176
10.824
8.06366
8.74087
11.8522
8.34001
11.9724
9.91702
9.09648
8.08267
10.3245
11.0275
9.87955
10.4945
12.8561
9.40342
8.40773
15.4643
9.29785
8.91996
9.2421
7.868
11.281
8.78525
11.2455
8.19524
12.7841
8.24184
11.5285
11.7243
10.8938
8.25016
12.3751
7.3997
10.4601
11.0773
11.7842
11.3852
8.94809
8.45035
8.41217
8.2959
8.6514
8.92608
7.88957
8.57223
9.38975
9.62925
8.32852
10.6569
8.7196
8.1919
12.3333
11.4412
9.15923
10.0955
10.8221
10.1692
9.27374
10.8487
12.2094
8.95607
12.1331
10.5939
12.7833
9.65672
9.77449
9.76334
9.51401
8.12904
9.56888
9.74945
10.5973
8.96617
11.3556
9.9944
9.42988
8.46456
10.2631
8.76023
9.55679
9.48814
9.52451
12.2451
9.00959
9.04544
9.32053
6.99074
11.2019
14.1072
9.96597
9.68524
10.5464
8.51157
9.89449
8.79848
10.1064
8.41677
8.3198
9.72253
10.6709
10.1639
9.9587
8.83688
12.8417
13.082
10.0822
8.54175
9.94604
8.35354
9.81275
11.0831
9.89425
8.4203
12.8286
12.3234
7.85029
9.22662
9.62724
10.6635
9.67262
8.81675
9.23202
15.2839
9.24072
10.1586
10.5203
9.15803
10.9928
11.9347
11.5046
10.2282
7.60962
13.1233
8.71236
8.9868
10.3273
8.87278
9.45834
8.51317
9.55379
12.7668
12.9149
11.4467
7.4509
12.2622
8.5088
10.4638
9.27032
14.4421
9.13155
11.0297
8.15532
8.99149
10.5063
10.3886
10.0833
7.89903
8.38108
9.81113
8.32992
10.1681
10.8602
8.12508
9.62662
10.7396
9.40482
10.9423
8.98787
11.9148
10.0823
10.3257
8.66951
9.12445
9.62224
10.7556
8.13016
11.0955
9.34563
10.8238
8.93122
8.96716
14.0158
8.59755
8.04445
11.1637
9.3824
10.7333
9.12549
9.76286
10.399
9.45161
10.4554
12.7404
9.05049
10.8067
11.3441
11.479
7.80621
10.3429
8.49504
12.6768
8.68736
8.24866
10.0966
8.77844
11.1314
11.1328
9.44433
7.85435
9.7054
9.99109
8.64794
9.97861
9.96291
12.3032
9.3057
9.38968
7.31807
9.39469
9.47714
8.55137
10.7109
8.34925
11.5024
7.8022
8.07718
10.0344
8.02098
12.0958
13.1008
10.9378
11.6613
9.60187
9.50975
9.58497
8.693
9.8451
10.8779
10.6417
10.502
10.5975
10.2929
8.11627
8.61583
8.36781
10.084
8.91152
8.48328
7.65829
10.6544
9.3275
9.54192
9.46018
7.87989
8.78026
9.13601
10.5384
11.427
13.5074
12.8838
9.10775
8.52693
11.7132
9.57308
12.3932
8.74804
9.64075
9.61994
10.7258
11.1881
8.78453
9.41887
8.53281
8.63966
11.1385
10.1655
9.38285
10.9797
9.8401
11.1667
9.62491
9.32312
8.56208
9.03478
8.81133
9.5127
8.94265
11.5798
9.21114
12.2225
8.08087
10.2784
9.27571
8.6168
9.29454
9.0882
8.4051
9.00767
8.90776
8.70535
9.0313
8.32758
9.62634
8.12785
9.66146
9.83613
8.92614
12.153
9.1847
8.83543
12.5625
8.17621
11.3619
7.72073
9.99111
10.007
10.872
8.39233
12.1806
9.88653
8.49797
9.98575
8.81339
9.92158
8.53811
10.6908
8.76285
10.5863
7.72988
10.8601
9.63002
8.84708
8.6093
8.39019
9.2929
8.31636
10.563
11.0787
8.43287
8.82427
13.0067
10.4031
9.55278
12.3702
10.8627
12.1104
8.28598
8.79257
10.7025
8.40643
9.90286
8.99284
8.97803
9.33717
12.1941
12.9183
11.4489
9.22001
11.597
9.48456
8.12158
8.85956
9.43022
8.82132
8.75254
11.7804
9.61196
8.59965
8.96367
9.92792
12.1514
8.24118
9.49647
11.8768
12.8556
8.1787
10.1652
7.85168
13.6271
11.8861
11.3157
9.41355
10.307
11.2937
8.2917
9.16784
8.43466
9.4819
8.26681
9.24635
13.1125
8.88297
8.31627
9.00638
12.257
9.09955
9.00659
9.84451
11.2648
8.64459
9.63195
12.9772
8.94938
10.3361
10.386
10.2055
10.6607
9.54925
9.66483
10.3157
10.8607
8.69478
11.0285
9.00751
9.08687
8.73405
9.35473
9.02638
9.89305
11.3214
9.16295
14.0185
8.22141
10.392
11.0866
9.16503
13.2481
10.6198
9.62856
8.32084
10.0449
8.44129
8.25416
9.53245
10.1857
13.0101
9.01431
8.74242
8.70463
9.65626
8.14973
10.6715
10.4977
14.2773
11.1335
8.19515
12.1684
8.36945
8.65142
9.46887
9.49719
9.24099
12.7799
9.15615
10.7534
8.78779
8.35016
9.31573
10.316
8.46168
14.2034
8.58023
7.8823
8.66247
10
12.5803
11.8097
12.1908
10.3778
7.38803
10.565
9.66714
8.54237
8.47672
12.3295
9.44173
8.51139
10.4555
10.4706
8.61814
9.07522
9.63053
9.56866
8.50431
10.2431
8.78606
9.30426
10.8043
8.69656
8.84299
12.6837
10.9834
9.09558
10.0897
9.18916
10.11
9.15916
9.79316
11.787
8.10491
9.93715
12.4262
8.61506
10.6733
9.40696
14.2036
9.6001
12.145
8.28254
7.90778
12.1824
11.2483
8.66255
12.6373
8.86909
9.81658
9.02081
8.54507
7.88636
8.06343
11.8937
8.74963
9.74746
11.7724
7.27603
12.3595
9.60906
9.22343
11.5413
10.0524
8.19172
8.89043
9.91282
10.9346
10.6369
8.71693
10.7651
8.47311
11.5054
8.49893
8.67899
8.54178
8.67872
10.7734
10.0937
10.7882
9.17772
9.82766
9.51322
9.71706
11.7251
9.73987
8.31091
12.9809
8.70813
6.88961
9.14574
7.97706
11.6779
7.60548
9.20055
8.78585
9.20863
10.8709
8.191
9.22649
8.11939
8.12146
8.905
8.90702
9.59356
8.93714
8.29922
7.732
8.92182
9.81491
8.70118
13.7163
10.7311
9.05586
7.88226
11.53
8.517
8.42181
9.62742
7.79103
10.223
9.16143
11.966
8.87389
13.0198
9.70829
10.9701
8.30429
8.20376
9.22366
8.76245
8.6932
8.54539
10.0601
11.8771
11.2914
8.70041
8.78385
13.2176
8.74525
10.5161
9.23037
8.66233
8.75247
10.4989
9.81643
13.0541
9.33156
9.17913
9.9521
11.2443
8.034
9.09701
10.5574
9.02588
13.3573
11.7048
8.50505
8.32588
9.00117
9.09517
11.9363
12.1596
8.40814
13.3334
12.5284
13.6153
11.6578
7.99351
9.4623
8.84326
8.50988
8.91076
9.78005
8.9006
8.44046
8.49699
13.7294
12.3328
7.88162
8.81895
9.88655
10.7683
9.07586
9.06858
11.874
11.1626
9.85539
9.72335
11.4531
9.55531
8.02777
9.8492
8.63588
10.6693
9.92591
10.9808
7.98832
10.0895
10.1826
10.9077
10.4185
7.95471
11.4034
8.4188
11.8502
11.4499
9.92834
12.0591
11.226
11.0585
8.08133
10.1482
11.5931
9.32688
10.4254
8.68946
8.77717
9.36227
9.04572
8.1261
9.21065
9.9987
7.64129
10.6568
7.72735
10.9405
8.12813
11.7542
14.0753
8.44247
12.9953
9.25484
8.08619
8.3063
11.1082
9.67829
8.82266
11.46
10.5591
10.2765
10.3216
12.4895
12.3506
9.74841
8.88045
10.0047
10.9257
13.2604
9.80092
8.36107
9.92122
10.2071
11.5556
7.80403
9.19066
10.3997
12.5361
9.47874
8.49301
10.8769
8.76854
8.84966
8.60413
12.7013
9.2255
11.6479
7.73928
13.0291
9.86014
8.2258
8.3938
10.0373
9.25252
8.5261
9.40182
7.92984
9.75842
10.0997
10.6902
8.9746
12.1915
9.12614
9.64888
11.3708
10.2218
9.59068
9.09104
8.74274
9.39209
10.7676
10.139
7.96263
8.98926
12.5523
9.38346
12.3018
7.99975
14.0805
10.7911
9.7204
8.96657
11.3535
11.7095
8.76084
10.505
12.3521
8.98056
10.2312
10.3871
11.2404
12.203
14.2847
9.25424
7.93462
14.2209
10.1529
9.04775
9.03658
9.59106
11.8773
8.91278
11.0358
8.91076
10.5644
12.6481
11.8312
10.3658
8.65218
8.45214
9.27522
12.0468
8.33421
9.17462
10.3348
8.21708
11.1658
9.96872
12.937
7.93169
9.89117
8.1911
8.31453
10.1894
9.09952
8.23058
9.24456
9.11738
10.2044
11.6584
11.9047
9.65489
11.925
9.06694
9.20679
9.53901
13.2146
9.4834
7.68529
9.28668
9.23205
9.28456
9.42226
10.6175
9.63209
10.637
10.8612
12.1953
8.90661
10.2206
7.98158
8.0759
7.8945
11.3616
9.83074
13.3899
9.26328
13.6912
10.3816
9.30557
8.02553
10.5059
10.7346
8.15963
9.36171
12.3301
12.2019
10.3488
11.2804
11.6529
8.27226
12.7658
8.53744
10.5323
11.3754
12.4347
9.73131
9.01382
9.35084
10.1227
11.058
9.57591
9.02642
9.79181
8.51578
13.235
8.58839
8.75537
8.4132
8.73966
8.85884
10.998
10.2096
7.98946
9.11998
9.39038
8.71616
9.70042
9.84718
9.60406
7.9604
9.48396
9.17165
8.98487
10.506
9.49922
13.0491
9.54824
9.11076
8.54393
9.24279
9.41235
9.35825
9.9888
10.6253
9.56568
8.71375
10.6625
11.5031
11.1904
8.27073
8.56746
9.71306
8.67865
8.41411
11.2348
9.28823
9.83932
8.69006
10.3586
9.87688
11.1639
8.64601
9.46325
11.2744
8.75766
8.99926
8.61959
11.3276
9.49011
10.3003
8.90101
8.97275
10.3807
9.00965
9.72664
10.9078
8.38171
10.2865
9.76335
11.5006
7.95614
10.1777
11.941
12.3767
9.59863
9.04148
8.35931
8.47662
8.33643
12.7317
10.5994
7.89343
10.5126
8.63459
9.6602
10.8484
13.0794
10.8152
12.1623
9.22608
9.69258
10.2838
9.25735
8.84817
9.07685
8.40633
9.73536
8.3359
10.6928
10.0426
9.22881
13.8189
9.42205
12.6886
10.0674
8.57439
10.0471
9.64609
8.67661
8.1365
12.2895
9.254
8.91347
12.5097
10.2552
8.35671
12.9737
9.01222
11.3401
12.2168
11.303
9.43508
11.0661
9.61506
8.40038
8.77865
13.2193
10.5884
13.2152
9.01558
9.45405
8.375
10.0609
10.3828
8.81474
9.45284
9.44257
10.5024
8.75033
8.80753
10.5315
10.7496
9.57936
8.41625
12.586
9.91716
10.0222
9.87714
9.26478
8.40744
7.85927
9.62409
8.06727
10.6866
11.7552
8.87844
9.30093
10.0155
8.07062
9.14656
8.96903
12.1659
11.4772
12.7932
11.1396
8.69847
11.922
10.052
9.90511
11.324
7.79582
9.90471
9.66732
12.7879
9.94577
9.64333
9.60125
11.5709
7.74129
8.35598
10.2971
10.0999
11.2215
9.04367
10.8648
10.1364
8.81807
8.29502
10.5728
13.26
8.62449
11.5804
8.71022
11.2029
9.3829
10.0597
11.9435
9.65125
9.46001
11.28
9.76727
9.72819
9.01798
8.57254
8.99694
9.20245
11.4214
8.34736
8.27392
8.40281
10.9376
9.27971
8.90397
9.1171
10.4351
10.36
9.01371
9.1827
8.85776
10.1654
9.59972
10.876
12.778
8.08926
8.61839
11.2156
6.91875
9.45236
10.2817
9.02881
8.47944
8.87929
8.3148
10.8302
8.14457
12.1987
11.2136
8.13183
11.3003
10.7502
8.79808
12.4711
8.54947
8.90886
11.3514
13.2337
9.4787
10.7128
10.3622
8.75562
9.64287
9.45542
10.3704
10.0203
8.48436
12.0395
9.91735
10.8707
11.0874
8.89296
10.1061
10.6311
7.35561
13.0974
10.391
13.3821
11.3245
9.07999
11.2583
8.68511
9.23543
8.09538
9.98065
8.99763
8.95087
12.1306
8.48995
8.44931
9.12242
8.60207
10.5572
11.69
11.7819
9.18554
7.92577
9.27111
13.6846
9.46027
10.4145
9.65806
11.6274
10.1333
8.41733
10.0076
9.48395
7.68922
9.21079
11.0404
8.75481
14.4423
9.28665
9.11999
9.90176
8.05636
10.6175
11.1848
8.62609
11.1426
10.0159
9.75252
8.77308
9.37336
12.0897
8.32455
8.5322
9.28294
8.00731
11.3059
9.42948
10.9466
11.8582
11.8231
9.42831
11.2229
9.58789
8.94967
12.8153
12.125
7.87256
9.00755
10.5102
12.7732
9.31078
9.77714
8.90337
8.37026
10.7864
9.91366
11.3242
8.26313
12.5711
9.16528
9.22011
9.98792
9.0972
9.6965
10.1058
9.23192
9.33118
9.99668
12.0482
8.36237
12.4886
9.12873
9.01684
9.19439
12.9076
8.34358
9.66015
11.17
9.63464
9.14981
11.7544
10.4351
9.2045
11.9743
10.1824
8.15042
7.81543
10.5801
8.75591
8.57731
10.0768
8.80688
10.1451
8.03419
8.51036
8.48031
9.47385
8.55797
11.4572
8.14879
7.85569
11.7407
8.71075
8.11263
9.28459
8.23683
8.88103
10.7874
10.9908
8.13414
10.9664
9.10168
8.19944
13.0916
11.8163
11.6457
9.18702
7.84481
8.83761
11.7915
10.0797
10.1632
10.7503
9.55227
9.27231
9.60373
8.0314
11.7631
8.8566
9.73462
7.96371
10.5109
7.83798
9.58186
11.972
10.7169
8.08963
8.25412
10.6293
11.0961
9.2615
9.43257
12.52
10.5477
9.45044
9.54323
11.2994
8.60425
13.223
9.33836
11.4313
9.99618
10.389
9.93089
7.98114
9.87761
8.12019
10.0861
9.40873
9.6044
7.82771
10.5852
7.64977
8.70541
10.7692
8.35902
10.2551
9.11671
11.1104
13.9859
10.3214
11.7354
12.5055
7.88758
8.71576
8.75036
9.27604
9.61442
11.7665
10.016
9.9658
8.61381
10.3343
10.3687
9.09234
11.2251
10.6625
11.2743
11.8675
10.0816
10.9048
11.5451
10.1966
11.3787
10.4851
8.44738
11.9647
12.9438
11.9288
9.11697
11.1339
12.3931
9.17258
10.2325
9.62859
10.7592
11.6248
10.7619
10.6528
9.49048
11.1308
9.41388
9.41262
9.50724
10.0448
8.57009
12.5109
6.57564
10.2838
9.30722
8.86394
8.70063
8.62104
11.148
7.35899
10.6473
8.93195
11.2427
9.07365
9.50135
9.91339
10.4936
8.38341
9.64061
9.08346
8.3656
11.0043
9.10725
8.8589
13.0257
9.2769
8.13943
11.3285
9.60731
9.88371
12.0478
9.73133
10.5801
9.62753
9.12298
10.2579
8.96273
9.76485
12.6539
10.6568
8.64173
11.1878
9.24781
11.4094
8.65736
9.01758
10.1134
10.6683
8.77155
11.8281
11.3722
11.1947
10.0119
9.96455
8.24206
9.71136
8.13434
9.46338
11.3535
11.0369
12.4718
13.3728
9.22999
8.94974
11.2125
11.3921
12.4833
8.14047
11.0378
9.69479
9.82551
8.901
11.2201
10.6445
7.91995
9.40161
12.2694
8.82143
9.90848
9.70237
9.53075
7.87301
9.44557
7.97558
10.6951
11.1
9.32077
9.92141
12.1264
10.2983
11.3366
11.7975
12.1274
8.46627
9.42402
10.9826
9.93726
8.49664
8.40737
10.8911
9.00533
8.791
9.93259
8.73892
12.8999
11.0575
8.56468
7.74331
9.27504
9.7091
12.256
9.48256
11.4224
13.4314
8.66677
10.0586
9.25586
8.24895
8.35323
10.8968
12.1398
8.74155
10.1619
8.5805
12.778
9.08576
9.91777
8.83675
9.75599
10.3292
10.1076
9.18015
11.5886
8.32352
13.0177
11.0054
10.4813
9.559
10.7864
12.1255
13.4446
9.86902
10.6791
10.563
8.15518
11.3831
8.37368
10.4546
9.71182
10.0995
13.5327
8.7975
11.3911
11.6468
9.84511
11.8163
10.0468
10.8899
9.10502
14.2553
8.91373
11.4151
12.7974
9.80969
10.5882
11.5101
9.00121
8.8698
8.52704
10.6111
12.5994
10.6343
9.88108
9.81528
12.2318
12.6346
13.5179
11.2041
10.6506
7.54823
10.2782
9.5239
8.03027
8.0717
8.26114
9.77031
9.9336
8.86674
11.478
8.96829
10.1835
10.2623
10.038
12.2137
11.9554
9.50218
10.574
9.75735
8.86643
11.1224
10.4917
9.92668
8.6844
9.01088
10.8102
10.9008
9.19101
10.5783
9.6152
11.1574
10.6195
9.72254
10.6069
8.603
13.0423
11.1845
9.57511
9.0101
9.88251
9.62935
8.93582
12.9654
8.41174
9.75393
10.6775
9.1593
9.66663
8.64102
10.2531
10.0379
9.48908
8.62696
9.31062
9.99014
11.6565
10.2961
8.82086
12.8547
8.97097
8.44438
9.7163
8.95528
10.8618
10.6774
11.6669
8.86239
8.05227
8.7957
12.3702
9.04241
9.56977
8.79308
11.475
9.50185
11.4644
11.3007
10.9253
8.57118
12.36
7.84041
11.2302
9.03512
14.1511
8.34147
9.08973
11.6859
9.33279
8.93648
8.98332
9.2783
14.0864
8.5893
11.4664
13.3156
8.3098
8.53052
12.948
10.1037
7.87311
12.4518
10.005
11.3109
11.8515
8.42647
8.29888
10.4898
12.7461
8.51216
8.91257
8.3562
11.3738
7.90047
8.35767
9.06793
11.0381
10.8217
9.21207
8.59407
9.65455
8.7768
10.8112
11.2139
10.1046
8.99376
8.90071
10.0402
10.6787
9.82239
12.3661
8.90329
10.9342
15.3579
10.663
8.3753
9.14471
9.26737
13.0754
9.99674
9.23968
10.6352
8.85435
11.6841
9.40567
8.20561
13.0773
10.8505
8.61497
8.21628
8.57952
8.25543
7.46894
7.62754
9.90387
8.85928
10.7571
12.613
8.29032
9.37776
8.18013
13.2169
9.45624
9.71338
10.1387
12.015
9.39919
8.00686
8.98526
8.21501
9.96239
11.0496
9.91611
12.2898
9.58979
9.03492
8.46677
8.33349
11.9547
9.8568
9.73915
9.22869
9.02192
8.42351
9.37561
8.58035
8.80385
8.24449
8.44269
9.22901
8.65816
10.4199
10.403
8.03741
10.3148
8.6467
11.748
8.6516
8.41045
9.03161
10.8459
12.8533
11.2281
9.77431
9.29044
8.22894
9.22911
10.8517
9.77198
9.72359
9.41632
10.9846
7.72259
10.9565
9.65161
11.8897
10.2798
14.0785
9.33062
10.5418
12.4447
9.919
8.96074
10.2467
8.30669
8.25233
9.55744
10.7737
8.56588
10.6435
12.3616
10.0514
12.6479
10.043
9.08419
7.87418
12.2277
11.7664
10.2438
13.0477
8.79664
9.50422
10.174
8.93002
9.88861
11.8641
10.3532
10.9163
8.73136
10.3973
10.8367
8.66561
8.25852
10.0546
8.19431
9.08979
14.8385
11.2667
11.8727
8.65224
13.2422
9.72838
8.83725
10.4776
10.8223
9.55271
8.8301
9.27223
9.62549
9.9654
9.1553
11.1373
8.76903
10.2354
12.4949
12.3956
9.08757
10.0174
9.15358
8.81833
9.24206
9.8783
9.69822
10.351
8.37324
11.5827
10.1727
9.11601
10.185
9.39714
11.3807
9.60863
9.51983
10.8006
8.95581
9.46388
10.5692
9.03886
13.2165
9.74069
11.1141
11.0336
9.34605
13.0832
10.4304
12.4789
12.279
8.85033
11.0387
8.66681
7.41497
9.33991
10.3342
9.26072
8.51835
8.00247
7.05313
9.25836
8.90791
11.7446
8.72106
8.65524
12.558
11.4243
8.57003
11.7293
9.457
7.73821
9.89573
9.74244
13.9403
9.07849
9.4447
9.4476
11.9931
13.6059
13.6941
9.16561
8.5827
11.2174
8.64444
9.50433
10.4922
8.71542
10.0086
9.22799
8.75743
11.3639
10.3491
10.5967
8.99228
10.1238
12.0341
9.53447
10.457
11.5172
10.1177
8.99979
11.3013
8.43819
12.9104
10.5847
8.86388
9.69678
8.47833
8.71061
9.3698
8.99938
9.38966
10.1969
9.58448
12.4993
8.99332
11.6327
12.0859
9.89223
7.17365
9.57346
8.30167
10.6913
8.94028
8.34427
9.08512
7.86629
12.8436
13.229
8.29808
7.31485
9.76599
8.79096
12.4769
9.08306
11.1238
13.0713
8.69688
8.87246
8.87288
12.4418
8.84753
9.79796
9.7069
9.07435
10.5116
8.86463
9.03486
9.76178
11.3862
9.06363
11.1948
12.5385
15.1827
8.19448
9.89157
10.6957
7.6484
9.84233
10.3649
9.37724
16.6013
8.33418
9.65671
9.5705
7.43857
8.96026
12.6979
9.03876
9.28344
9.81864
7.72191
9.37552
9.01972
11.0252
9.90114
12.1894
10.2982
8.56419
10.0428
9.24072
10.1049
9.84404
11.1615
11.2679
7.70399
7.94967
13.0177
10.3641
9.75393
12.5222
9.51325
8.4464
9.8767
12.4499
14.3011
9.21538
9.69498
8.36523
9.62319
8.55788
10.9794
9.69302
9.50878
7.79192
9.11252
9.10424
9.82391
12.5186
9.92887
10.6165
11.7761
10.6682
11.1605
9.2758
10.6167
9.38084
8.41372
11.5374
9.51579
8.75242
11.2742
8.73685
9.23864
11.1569
9.14386
9.59029
8.78282
9.86569
9.01955
9.54694
12.3517
7.88332
9.63476
10.0617
8.23371
9.48422
9.8757
12.4924
13.165
9.58477
10.9607
11.5246
12.0892
9.39746
13.2799
11.8432
12.8037
11.7634
7.75293
10.2485
10.6308
11.5279
12.2008
8.02874
8.62435
9.78902
9.05633
9.56133
8.89531
9.93365
9.23698
9.8837
10.3128
9.46361
9.17646
9.20325
10.4569
9.88535
8.56276
8.62929
10.2071
12.2831
9.94781
11.2562
9.37573
10.0356
9.13339
8.72944
9.49111
9.29679
9.26479
13.0108
8.16686
9.16268
8.58657
13.427
11.3876
8.56635
9.51189
9.35336
9.50759
9.58694
10.5476
8.63073
9.02605
8.87859
8.95598
15.5895
10.9421
8.19873
10.7406
10.1645
8.55342
6.84388
12.7002
9.57093
11.184
11.753
12.7638
9.88688
8.5414
11.1059
10.0865
10.754
11.9009
10.6431
9.30477
10.5626
8.14746
9.79119
8.90382
8.87278
11.7914
9.8294
7.59633
9.68697
10.0448
8.59384
9.56626
9.52464
11.3517
8.08473
11.8414
10.1167
11.3729
7.25572
10.2902
10.1966
8.81657
13.0621
12.3878
11.7154
9.09479
8.3539
8.18165
13.1725
9.39802
9.35786
12.2642
9.69234
9.60988
8.36967
7.99886
8.30312
12.7869
12.9143
10.6276
10.085
7.9596
9.19099
9.91725
7.54486
9.8179
9.70526
9.86126
8.39421
12.8302
9.58383
9.49958
10.2649
9.3535
9.6824
7.76744
10.1311
8.98845
14.3258
10.3028
9.26967
8.36034
7.62448
10.9758
6.97456
9.73614
8.76931
8.65332
8.925
8.6572
8.50612
8.92484
7.98558
8.21421
9.26254
11.4115
8.78209
10.2257
9.56576
8.89199
11.5152
9.04475
8.75654
12.1934
12.1632
8.54639
11.0488
9.38847
8.83405
9.79137
8.67229
10.8449
10.7977
12.3274
8.57869
9.95665
14.5247
11.161
8.08229
9.28888
8.85269
10.7358
9.44818
7.19826
10.4723
8.62877
8.89421
9.68656
10.4264
9.20068
8.00869
10.6056
8.46214
9.87891
9.75481
8.81711
10.8024
10.5317
8.83769
9.9433
12.0663
10.2305
12.4267
8.45205
11.9194
9.63995
8.93469
7.80595
9.22443
9.11038
8.57744
7.62821
9.27046
9.58822
9.06611
11.3739
11.3485
8.34551
8.79351
8.75203
10.8445
8.80254
10.5547
9.341
11.6116
9.08296
8.25474
10.2235
10.7375
12.0576
8.7411
9.55032
8.41268
9.50116
9.32085
13.6918
9.0919
8.79761
10.5444
9.02106
11.5181
9.71027
10.07
9.48099
11.371
13.5475
10.7629
8.42358
8.3324
10.6473
8.44344
10.3503
11.1418
10.4626
8.68412
10.1821
8.76464
8.17291
10.6355
13.6293
10.6979
10.5449
9.0684
9.39963
8.50581
11.3507
9.72681
8.47422
10.7829
8.94567
9.52144
11.8792
9.90849
10.5687
9.82468
7.88078
8.52174
9.06122
9.95141
8.1818
10.2206
10.4353
9.37285
12.8438
8.32521
12.3182
10.2535
8.93874
11.5378
13.3645
9.38966
12.431
11.9777
10.4767
9.34351
12.8617
9.85169
8.37859
9.71253
8.61983
12.7283
8.24178
11.0987
9.98685
10.5296
12.0938
9.41458
12.8761
10.8057
8.72432
9.67211
10.9067
11.542
10.4166
10.4758
10.2452
9.47948
9.36188
12.2832
8.96786
11.6707
11.8385
11.6088
10.9192
9.00664
12.7521
7.60271
9.10516
9.85788
8.18044
9.85844
10.325
8.99236
13.0796
11.439
10.3363
13.5637
8.01348
8.93518
8.93546
9.02091
9.44561
9.33672
8.94114
9.808
9.21238
8.27559
10.797
13.671
10.4401
9.96917
12.2156
8.34105
7.48578
10.3763
13.1288
9.90843
8.81802
8.71198
8.54176
9.84982
10.3113
9.46797
8.77765
10.7089
7.75755
9.54578
10.9944
11.6418
11.0181
11.4964
9.61724
7.91216
11.8703
11.4661
9.36131
9.68478
10.1265
8.95674
9.08651
8.82715
10.4333
8.83953
7.87839
12.2908
9.58102
13.2232
9.51567
11.8523
8.69568
14.0427
10.1907
8.92436
8.55929
9.07083
13.516
10.3949
8.01592
8.56121
10.833
10.1403
8.83497
9.48372
10.1333
11.0296
8.95897
8.92867
9.34331
12.7382
11.1869
11.1689
12.2596
9.76487
8.49228
9.53163
8.41295
10.0939
11.4875
10.0081
12.2588
10.974
8.52667
9.61621
9.00761
9.13451
10.4467
10.3022
9.56159
9.44346
10.0602
8.58668
10.1512
8.65727
11.4184
8.09134
7.50263
11.7935
10.0671
10.3781
13.8975
7.54551
8.57861
10.3469
9.72828
11.3783
9.3897
11.1526
9.35113
9.47699
8.08899
10.8564
9.39504
10.3251
12.1977
12.0918
10.2301
8.77552
7.9355
9.86593
9.11933
9.95854
8.88775
11.9178
13.7056
8.35835
10.4802
8.63111
9.43017
13.1168
7.47414
10.3352
9.1777
9.47668
8.47535
10.0493
9.5021
9.12153
12.2267
11.2569
8.52322
8.13019
8.95398
10.4463
13.1808
12.6705
9.8225
9.2998
9.85433
12.5285
7.50911
9.8061
9.09762
10.0306
8.20397
12.9104
9.70549
11.5003
11.921
7.53828
10.1152
10.3398
8.62926
13.2749
10.1461
10.2626
10.4056
12.2591
10.6241
9.7565
10.2265
7.47751
9.12752
11.5634
8.57896
9.00352
12.915
11.4755
12.4108
14.4501
11.686
9.1735
10.8922
9.1704
8.64845
9.53898
8.95786
8.63481
8.0594
13.7605
13.0295
9.35639
8.23667
10.0492
9.42121
8.84013
8.67775
11.5761
9.01025
8.98106
9.12829
9.86756
8.62827
9.61881
8.98854
11.2531
10.4567
9.33369
10.0024
13.1089
7.96775
10.3982
7.98413
9.50164
8.94609
9.70988
8.46175
10.112
10.1716
10.4235
9.03532
12.3674
11.8424
8.89028
8.26667
12.1844
10.8057
9.77181
11.0848
12.0576
9.08013
9.51064
7.94115
12.1267
10.2978
9.08808
8.41295
8.82538
11.4704
9.26951
10.0325
11.4787
10.2631
12.9542
9.77279
10.3731
8.05024
11.8426
10.0981
11.4922
11.6215
7.75004
9.58403
8.85017
8.77443
9.82676
9.48728
9.58924
9.38678
9.77659
14.4902
11.3005
10.8753
11.0557
9.22275
9.01426
9.09679
7.48636
9.53183
9.26756
9.6305
8.05652
8.24949
9.67282
8.55422
9.18821
8.65439
13.5718
9.13192
7.66486
8.00325
9.374
9.71975
8.85716
9.49644
8.72322
10.1168
9.12955
11.5248
8.43844
8.07012
9.68422
15.2702
9.22689
9.07351
8.20246
9.52161
11.7321
8.85848
9.37337
9.58883
9.66705
11.8452
9.75231
13.0825
8.39279
8.89854
11.1229
10.5481
8.99533
9.72592
8.55128
14.9646
11.7927
10.4843
8.30383
12.9004
8.09433
10.1307
10.1125
10.5637
13.5917
8.10822
12.0271
9.72546
9.95513
7.92463
8.3365
9.2752
8.79852
10.6028
10.7036
10.0762
7.47171
8.01541
8.31233
9.75246
8.6659
9.94806
11.2819
10.2586